#/home/emiel/Documents/TUe/Thesis/graph-3-coloring/generate.py
# GMT Fri Apr  7 12:58:12 2023
# 
0 321 495 64 17 305 442 375
1 27 13 497 104
2 165 134 175 468 383 485
3 101 471 83 44 452 332
4 238 361 99 259 123 229
5 34 272
6 484 208
7 366 241 249
8 461 24
9 451 249 423
10 467 301 480
11 398 432 97
12 205 230 220 85 272 65
13 134 86 261 377 405 82 234
14 192 377 261
15 109 139 91 330
16 195 350
17 451 181 301 230 90 355
18 72 161 338
19 20 425 273 180
20 210 328 41 287 290
21 182 229 151 145 133 350
22 485 57 468 405
23 364 71 385
24 108 154 141
25 157 260
26 477 151 156 133 216
27 490 475
28 170 433 247 373 481
29 364 385
30 64 90 105
31 368 426 122 92 218
32 230 290 317 42
33 240 56 223 363 399
34 132 327 336
35 146 297
36 275 259 464
37 259 384 203 206 379 294 227 85
38 342 238 303
39 355 454 249 451
40 112 278 259
41 429
42 58 470
43 491 391 83
44 243
45 345 69 153 237 292 169 462 212
46 183 333 214 202
47 347 196 51 208
48 78 101
49 382 416
50 87 270
51 278 308 160
52 459 465 280 215
53 351 274 154 108
54 247 325
55 298 306 473
56 371 362
57 383
58 290 252
59 145 190 356
60 302 370 110 343
61 248 137 319 217
62 469 328 273 63
63 108 141
64 104 218
65 256
66 360 377 447
67 182 145
68 432 398 388
69 195 367 277
70 120 320 162 306
71 272 496
72 418 247 325
73 193 390 77 444
74 135 162
75 98 430 364 87 144 385
76 405 466 143
77 251 433 382
78 178 471
79 257 88 147
80 283 318
81 203 85 276 387
82 418 175 314 354 247 166
83 389 420
84 242 277 124
85 286 359 128 492
86 314 166
87 496 260 116 146 336
88 188 462 111 438 465
89 450 325 106 296 198 413 226 199 338 332
90 96 93 132 426
91 185 96
92 125 183 333 167 392
93 105 122
94 235 348 472
95 207 473
96 299 167 109 368
97 373 140 388
98 307
99 415
100 332 452 288
101 178
102 411 277
103 419 438
104 261 475 442
105 218
106 478 324 172 435
107 234 217 352 319 441 137 219 248
108 323 293
109 149 129 427 155 126 200
110 209 158 255 402
111 356 153 378 488 271
112 449
113 142 283
114 449 405 493
115 162 298 306
116 272 270
117 366 208
118 427 149
119 342 400 318 238 283
120 258 311
121 471 331 337 265
122 357
123 482 308
124 215 345 280 411
125 130 299 200 346 393
126 139
127 260 434 173 414 327
128 276 203
129 300 310
130 405
131 242 277
132 230 185 272 157
133 153
134 417
135 448 262 281 397
136 284 186
137 223 337 261
138 431 461 228
139 155 256
140 455 301
141 469 482 273
142 380 400 372
143 202 463
144 496
145 153
146 456
147 465 280
148 304 487
149 487 407 264 259
150 305 321 398
151 212 292 195
152 496 221 220
153 216 190 477 344
154 412 201 431 194 176
155 401 359 334
156 212
157 434 327 256 297 220
158 246 293 326 294
159 308 273 282 482
160 208 222
161 418 296
162 397 473 311 448
163 394 267
164 438 488
165 405
166 234
167 393 177
168 348 460 227
169 242 277
170 179 340
171 213 302 370
172 436 437 199
173 269
174 374 346
175 179 278 449
176 461 446
177 299
178 243
179 247
180 287
181 484
182 356
183 458
184 273 328
185 339 330
186 483
187 419 488 443 438
188 280 419 443 257 411
189 331 442 362
190
191 249 268 366 309
192 232 395
193 382 457 416
194 446
195
196 222
197 381 284
198 394 267 406
199 329
200 403 300
201 274
202 405 466
203 472 348
204 461 228 316
205 496
206 348 460
207 448 361
208 241 355 455 308
209 343 302 410
210 293
211 429 252
212 216
213 231 245
214 218 466 458
215
216
217
218 357 386 475 392 490
219 337
220 409 313
221 409
222
223 331 312
224 335 305
225 319 248
226 289 373
227 353
228
229 281 448 246 291 294 384 262
230 470 294
231 439 302
232 404
233 483 436 284 420
234 315 354
235 387 401
236 296 413
237 494
238 350 341 372 464
239 248 441
240 442 312 261
241 486
242 345
243 452 265 471 331
244 305 288 332
245 293 402 370
246 397 370
247
248 261
249 486
250 301 467
251 481 340
252 484
253 324 445
254 453 413
255 439 302 410
256 339 359 330
257
258 306
259 304 493 449 348 341 378 308 356
260 297 269
261 404 441
262
263 385 272
264 334
265
266 442 335
267 373 398 305
268 423
269 327 414 336
270 430
271 344
272 307 336
273 429
274 461 316
275 318
276
277 443 488
278 347 340
279 321 375
280
281
282 484
283 380
284 453 408 391 322
285 442 305 335
286 294
287 429 425
288 331 369
289 394
290 293 294 326 429
291 361
292
293 473 351 361 328 396
294 317
295 327 336
296 337 471 349
297 456 313
298
299
300 479 374
301 388 495
302
303 464
304 427
305 369 406
306 311 370 397
307 430 385
308 415 484
309 423
310 376 365
311
312
313 358
314
315 377
316 431
317
318 378 464
319
320 397
321 428 467
322 476
323 351
324 408
325 440 373
326 396
327
328
329 436
330
331 371 335 363
332 406 489
333 405
334 407
335 369
336
337 418 352
338 440 349
339
340 474 390
341
342 464
343
344 356
345 459
346 405 403
347 373 433 455 474
348 353 407
349
350 380 488 422 367
351 461
352 354
353 379
354
355 484 486
356 384
357
358 456 409
359
360 404 441
361 482
362 399
363
364 496
365 498 479
366 451 423
367
368
369
370 473
371
372
373 394
374 403 405
375 428 467
376 427
377 441 404 395
378 380 422
379
380
381 408 413 453
382 424 444
383 405
384
385
386 466
387 472 492
388 480 467
389 476 413 391 471
390 416 499 457
391 483
392 458
393
394
395
396
397
398 467
399 442
400
401 492 407
402 439
403
404 447
405 490 463 498 417 479
406
407
408 436 435 445
409 496
410
411
412 461
413 445
414
415
416 433 424 474
417
418
419
420 489 491
421 438 488
422
423
424
425
426
427 498 487
428
429 484
430
431 446
432
433
434
435 437
436 450
437
438
439
440
441
442
443
444
445 478
446
447
448
449 485
450 489
451 455
452
453 476
454 486
455
456 496
457
458
459 494
460
461 482
462 494
463
464
465 494
466 490
467 495
468
469
470 484
471
472
473
474 499
475
476
477
478
479
480
481
482
483 491
484
485
486
487
488
489
490 497
491
492
493 498
494
495
496
497
498
499
